9991.03765
9964.06
9957.7216
9910.35985
9880.068
9877.6077
9875.6804
9872.701
9869.8102
9866.30485
9863.4718
9861.025
9855.1314
9850.432
9800.8882
9788.8659
9778.3472
9748.9106
9724.53
9722.7695
9715.841
9704.66805
9644.2525
9634.538
9630.397
9625.92
9620.3307
9617.66245
9583.8933
9566.9909
9563.029
9549.5651
9541.69555
9504.3103
9500.57305
9487.6442
9447.3824
9447.25035
9432.9253
9414.92
9411.005
9391.346
9386.1613
9377.9047
9361.3268
9304.7019
9301.89355
9290.1395
9288.0267
9283.562
9282.4806
9264.797
9249.4952
9225.2564
9222.4026
9193.8385
9182.17
9174.13565
9144.565
9140.951
9101.798
9095.06825
9058.7303
9048.0273
8988.15875
8978.1851
8968.33
8965.79575
8964.06055
8944.1151
8932.084
8930.93455
8891.1395
8871.1517
8835.26495
8827.2099
8825.086
8823.98575
8823.279
8798.593
8782.469
8765.249
8733.22925
8703.456
8688.85885
8671.19125
8627.5411
8615.3
8606.2174
8605.3615
8604.48365
8603.8234
8601.3293
8596.8278
8582.3023
8569.8618
8556.907
8551.347
8547.6913
8539.671
8538.28845
8534.6718
8527.532
8522.003
8520.026
8516.829
8515.7587
8457.818
8444.474
8442.667
8428.0693
8413.46305
8410.04685
8347.1643
8342.90875
8334.5896
8334.45755
8310.83915
8302.53565
8283.6807
8280.6227
8277.523
8269.044
8252.2843
8240.5896
8233.0975
8232.6388
8219.2039
8211.1002
8162.71625
8125.7845
8124.4084
8116.68
8116.26885
8083.9198
8068.185
8062.764
8059.6791
8027.968
8026.6666
8023.13545
8017.06115
7986.47525
7985.815
7954.517
7935.29115
7804.1605
7789.635
7749.1564
7742.1098
7740.337
7731.85785
7731.4271
7729.64575
7727.2532
7726.854
7682.67
7650.77375
7640.3092
7639.41745
7633.7206
7626.993
7624.63
7623.518
7537.1639
7526.70645
7518.02535
7512.267
7448.40395
7445.918
7443.64305
7441.501
7441.053
7421.19455
7419.4779
7418.522
7371.772
7358.17565
7348.142
7345.7266
7345.084
7337.748
7325.0482
7323.734819
7281.5056
7265.7025
7261.741
7256.7231
7243.8136
7228.21565
7222.78625
7209.4918
7201.70085
7196.867
7173.35995
7162.0122
7160.3303
7160.094
7153.5539
7152.6714
7151.092
7147.4728
7147.105
7144.86265
7133.9025
7077.1894
7050.642
7050.0213
7046.7222
7045.499
6986.697
6985.50695
6948.7008
6940.90985
6933.24225
6877.9801
6875.961
6858.4796
6849.026
6837.3687
6799.458
6796.86325
6781.3542
6775.961
6770.1925
6753.038
6748.5912
6746.7425
6710.1919
6686.4313
6666.243
6664.68595
6653.7886
6652.5288
6640.54485
6610.1097
6600.361
6600.20595
6593.5083
6571.544
6571.02435
6555.07035
6551.7501
6548.19505
6500.2359
6496.886
6474.013
6457.8434
6455.86265
6435.6237
6414.178
6406.4107
6402.29135
6393.60345
6389.37785
63770.42801
6373.55735
6360.9936
6358.77645
6356.2707
6338.0756
6334.34355
6313.759
6311.952
6289.7549
6282.235
6272.4772
62592.87309
6250.435
6238.298
6203.90175
6198.7518
6196.448
6186.127
6185.3208
6184.2994
6128.79745
6123.5688
6117.4945
6113.23105
6112.35295
6082.405
6079.6715
6067.12675
6059.173
60021.39897
5989.52365
5979.731
5976.8311
5974.3847
5972.378
5969.723
5966.8874
5934.3798
5926.846
5920.1041
5910.944
58571.07448
5855.9025
5846.9176
5836.5204
5757.41345
5729.0053
5709.1644
5708.867
5699.8375
5693.4305
5662.225
5649.715
5630.45785
5615.369
5594.8455
5584.3057
55135.40209
5488.262
5484.4673
5478.0368
5472.449
5469.0066
5458.04645
5438.7491
5428.7277
5425.02335
5415.6612
5400.9805
5397.6167
5385.3379
5383.536
5377.4578
5375.038
5373.36425
5354.07465
5327.40025
5325.651
5312.16985
5272.1758
5267.81815
5266.3656
5261.46945
52590.82939
5257.50795
5253.524
5246.047
5245.2269
5240.765
5227.98875
5209.57885
5152.134
5148.5526
5138.2567
5125.2157
5124.1887
51194.55914
5116.5004
5080.096
5031.26955
5028.1466
5012.471
5003.853
5002.7827
4992.3764
49577.6624
4949.7587
4934.705
4931.647
4922.9159
4915.05985
4906.40965
48970.2476
4894.7533
4889.9995
4889.0368
48885.13561
4883.866
48824.45
4877.98105
48675.5177
48673.5588
48549.17835
48517.56315
4846.92015
4837.5823
4830.63
4827.90495
48173.361
4795.6568
47928.03
47896.79135
4779.6023
4766.022
4762.329
4753.6368
4751.07
47496.49445
4747.0529
47462.894
4746.344
47403.88
4738.2682
47305.305
47291.055
47269.854
4719.73655
4719.52405
4718.20355
47055.5321
46889.2612
4687.797
4686.3887
4673.3922
46718.16325
4670.64
4667.60765
46661.4424
4661.28635
46599.1084
4646.759
46255.1125
46200.9851
4618.0799
46151.1245
46130.5265
46113.511
45863.205
45710.20785
4571.41305
45702.02235
4564.19145
4562.8421
4561.1885
4544.2348
4536.259
4529.477
4527.18295
4518.82625
4504.6624
45008.9555
4500.33925
4466.6214
44641.1974
4463.2051
4462.7218
44585.45587
4454.40265
44501.3982
4449.462
44423.803
4441.21315
44400.4064
4438.2634
4435.0942
4433.9159
4433.3877
4428.88785
44260.7499
44202.6536
4415.1588
4402.233
4399.731
43943.8761
43921.1837
4391.652
43896.3763
43813.8661
43753.33705
43578.9394
4357.04365
4350.5144
4349.462
4347.02335
4340.4409
4337.7352
43254.41795
4320.41085
42983.4585
42969.8527
4296.2712
42856.838
42760.5022
4266.1658
4260.744
42560.4304
4243.59005
4239.89265
4237.12655
4234.927
42303.69215
42211.1382
42124.5153
42112.2356
42111.6647
41999.52
41949.2441
41919.097
4189.1131
4185.0979
41676.0811
41661.602
4151.0287
4149.736
4137.5227
4134.08245
4133.64165
41097.16175
41034.2214
40974.1649
40941.2854
40932.4295
40904.1995
4076.497
4074.4537
40720.55105
4058.71245
4058.1161
40419.0191
4040.55825
4032.2407
40273.6455
40182.246
40103.89
4005.4225
40003.33225
39983.42595
3994.1778
3989.841
39871.7043
3987.926
39836.519
3981.9768
39774.2763
39727.614
39725.51805
39722.7462
3972.9247
39611.7577
39597.4072
3956.07145
39556.4945
3947.4131
3943.5954
3935.1799
3925.7582
39241.442
39125.33225
3906.127
39047.285
38998.546
38792.6856
3877.30425
3875.7341
38746.3551
38711
38709.176
3866.8552
3861.20965
3857.75925
38511.6283
3847.674
38415.474
38344.566
38282.7495
38245.59327
38126.2465
37829.7242
37742.5757
37701.8768
3766.8838
3761.292
37607.5277
3757.8448
3756.6216
37484.4493
37465.34375
3736.4647
3732.6251
37270.1512
37165.1638
37133.8982
37079.372
3704.3545
36950.2567
3693.428
36910.60803
36898.73308
36837.467
3659.346
36580.28216
3645.0894
36397.576
36307.7983
36219.40545
36197.699
36189.1017
36149.4835
36124.5737
36085.219
36021.0112
3597.596
3594.17085
3591.48
3579.8287
3577.999
3561.8889
35595.5898
35585.576
3558.62025
3556.9223
3554.203
35491.64
3537.703
35160.13457
35147.52848
35069.37452
3500.6123
3490.5491
3484.331
34838.873
34828.654
3481.868
34806.4677
34779.615
3471.4096
34672.1472
34617.84065
34472.841
34439.8559
3443.064
34303.1672
34254.05335
34166.273
3410.324
3393.35635
3392.9768
3392.3652
33907.548
33900.653
3385.39915
3378.91
33750.2918
33732.6867
3366.6697
3353.4703
3353.284
33475.81715
33471.97189
33307.5508
3309.7926
3292.52985
3279.86855
32787.45859
3277.161
32734.1863
3268.84665
3260.199
32548.3405
3238.4357
3227.1211
3213.62205
32108.66282
3208.787
3206.49135
3201.24515
3180.5101
3176.8159
3176.2877
3172.018
3171.6149
3167.45585
31620.00106
3161.454
30942.1918
3077.0955
3070.8087
3062.50825
3056.3881
3046.062
3044.2133
30284.64294
30259.99556
3021.80915
30184.9367
30166.61817
30063.58055
2974.126
29523.1656
29330.98315
2927.0647
29186.48236
29141.3603
2913.569
2904.088
2902.9065
2899.48935
2897.3235
28950.4692
28923.13692
28868.6639
2867.1196
2866.091
2855.43755
2850.68375
28476.73499
28468.91901
2842.76075
28340.18885
28287.89766
28101.33305
2803.69785
2801.2588
27941.28758
2789.0574
27808.7251
2775.19215
27724.28875
2755.02095
27533.9129
2741.948
27375.90478
27346.04207
27322.73386
2731.9122
2730.10785
2727.3951
27218.43725
2721.3208
2719.27975
27117.99378
2710.82855
2709.24395
2709.1119
27037.9141
27000.98473
2699.56835
26926.5144
2690.1138
2689.4954
2680.9493
26467.09737
2643.2685
26392.26029
2639.0429
2632.992
26236.57997
26140.3603
26125.67477
26109.32905
26018.95052
25992.82104
2597.779
2585.85065
2585.269
25678.77845
2566.4707
25656.57526
25517.11363
25382.297
2534.39375
25333.33284
25309.489
2527.81865
2523.1695
25081.76784
2498.4144
2497.0383
2494.022
24915.22085
24915.04626
24873.3849
24869.8368
2483.736
2480.9791
2473.3341
24671.66334
24667.419
2464.6188
24603.04837
2459.7201
2457.502
2457.21115
24535.69855
24520.264
24513.09126
24476.47851
24393.6224
2438.0552
24227.33724
24180.9335
2416.955
24106.91255
24059.68019
2404.7338
23967.38305
2396.0959
2395.17155
23887.6627
23807.2406
2362.22905
23568.272
23563.01618
2352.96845
23401.30575
2331.519
23306.547
23288.9284
23244.7902
23241.47453
2322.6218
23082.95533
23065.4207
23045.56616
2304.0022
2302.3
2261.5688
2257.47525
2254.7967
2250.8352
22493.65964
22478.6
22462.04375
22412.6485
22395.74424
22331.5668
22218.1149
2221.56445
22192.43711
2219.4451
2217.6012
2217.46915
22144.032
2211.13075
2207.69745
2205.9808
2203.73595
2203.47185
2201.0971
2200.83085
21984.47061
2198.18985
21978.6769
2196.4732
21880.82
21797.0004
21774.32215
21771.3423
21677.28345
2166.732
21659.9301
21595.38229
2156.7518
2155.6815
2154.361
2150.469
21472.4788
2138.0707
2137.6536
2136.88225
21348.706
21344.8467
2134.9015
2130.6759
2128.43105
21259.37795
21232.18226
21223.6758
21195.818
2117.33885
21098.55405
21082.16
2104.1134
2103.08
2102.2647
20984.0936
20878.78443
20781.48892
20773.62775
20745.9891
20709.02034
20630.28351
2055.3249
20462.99766
2045.68525
20420.60465
20296.86345
20277.80751
2026.9741
20234.85475
2020.5523
2020.177
20177.67113
20167.33603
20149.3229
2007.945
20009.63365
19964.7463
19933.458
1986.9334
1984.4533
1981.5819
1980.07
19798.05455
1977.815
19749.38338
1972.95
19719.6947
1969.614
19673.33573
1967.0227
1964.78
19594.80965
19539.243
19521.9682
19515.5416
19496.71917
19444.2658
19442.3535
19361.9988
19350.3689
19214.70553
19199.944
1917.3184
19144.57652
19107.7796
1909.52745
1906.35825
19040.876
19023.26
18972.495
18963.17192
18955.22017
18903.49141
18838.70366
18806.14547
18804.7524
1880.487
1880.07
1877.9294
18767.7377
18765.87545
1875.344
18648.4217
18608.262
1842.519
1837.2819
1837.237
18328.2381
1832.094
18310.742
1826.843
18259.216
18246.4955
1824.2854
18223.4512
18218.16139
18157.876
1815.8759
18033.9679
17942.106
17929.30337
17904.52705
17878.90068
17748.5062
1769.53165
17663.1442
17626.23951
1759.338
17560.37975
17496.306
1748.774
17468.9839
1744.465
1743.214
1737.376
17361.7661
17352.6803
1731.677
1728.897
1727.785
1727.54
1725.5523
1720.3537
1719.4363
17179.522
17178.6824
17128.42608
1712.227
1711.0268
17085.2676
17081.08
1708.92575
1708.0014
1705.6245
17043.3414
1704.70015
1704.5681
1702.4553
1694.7964
16884.924
1682.597
16796.41194
16776.30405
1674.6323
16657.71745
1664.9996
16586.49771
16577.7795
1646.4297
16455.70785
16450.8947
16420.49455
1639.5631
1639.5631
1635.73365
1634.5734
1633.9618
1633.0444
1632.56445
1632.03625
1631.8212
1631.6683
16297.846
1629.8335
1628.4709
1627.28245
1625.43375
16232.847
1622.1885
1621.8827
1621.3402
1615.7667
16138.76205
16115.3045
16085.1275
1607.5101
16069.08475
15828.82173
15820.699
15817.9857
15612.19335
15555.18875
15518.18025
15359.1045
1534.3045
1532.4697
1526.312
15230.32405
15170.069
15161.5344
1515.3449
15019.76005
15006.57945
14988.432
14901.5167
14711.7438
14692.66935
14590.63205
14571.8908
14478.33015
14474.675
14455.64405
14451.83515
14449.8544
14426.07385
14418.2804
14410.9321
14394.5579
14394.39815
14382.70905
14358.36437
14349.8544
14319.031
14313.8463
14283.4594
14256.1928
14254.6082
14235.072
14210.53595
14133.03775
14119.62
14043.4767
14007.222
14001.2867
14001.1338
13981.85035
13974.45555
13937.6665
13919.8229
1391.5287
13887.9685
13887.204
13880.949
13844.7972
13844.506
13831.1152
13822.803
13770.0979
13747.87235
13725.47184
13635.6379
13616.3586
13607.36875
13555.0049
13470.86
13470.8044
13462.52
13457.9608
13451.122
13430.265
13429.0354
13415.0381
13405.3903
13393.756
13390.559
13352.0998
13228.84695
13224.693
13224.05705
13217.0945
13204.28565
13143.86485
13143.33665
13129.60345
13126.67745
13112.6048
13063.883
13047.33235
13041.921
13019.16105
13012.20865
12982.8747
12981.3457
12979.358
12957.118
12950.0712
12949.1554
12928.7911
12925.886
12913.9924
12890.05765
12829.4551
12815.44495
12797.20962
12741.16745
12730.9996
12648.7034
12646.207
12644.589
12643.3778
12638.195
1263.249
12629.8967
12629.1656
12622.1795
1261.859
1261.442
12609.88702
12592.5345
12574.049
1256.299
12557.6053
1253.936
12523.6048
1252.407
12495.29085
12485.8009
12479.70895
12475.3513
12430.95335
1242.816
1242.26
1241.565
12404.8791
12363.547
12347.172
12333.828
12323.936
12269.68865
12268.63225
12265.5069
12244.531
12235.8392
12233.828
12231.6136
12224.35085
12222.8983
12146.971
12142.5786
12129.61415
12124.9924
12105.32
12096.6512
12094.478
12044.342
12032.326
12029.2867
11987.1682
11946.6259
11945.1327
11944.59435
11938.25595
11931.12525
11884.04858
11881.9696
11881.358
11879.10405
11856.4115
11848.141
11842.62375
11842.442
11840.77505
11837.16
11833.7823
11830.6072
11763.0009
11743.9341
11743.299
11741.726
11737.84884
11735.87905
11729.6795
11674.13
11658.37915
11658.11505
11657.7189
1163.4627
11576.13
11566.30055
11554.2236
11552.904
11538.421
11534.87265
11520.09985
11512.405
1149.3959
11488.31695
11482.63485
1146.7966
11455.28
11454.0215
11436.73815
11411.685
1141.4451
11396.9002
11394.06555
11381.3254
1137.4697
1137.011
11365.952
11363.2832
11362.755
1136.3994
11356.6609
11353.2276
1135.9407
11345.519
11326.71487
1131.5066
11305.93455
11299.343
11289.10925
11286.5387
11272.33139
11264.541
11253.421
11244.3769
1121.8739
11187.6567
11165.41765
11163.568
11150.78
11093.6229
11090.7178
11085.5868
11082.5772
11073.176
11070.535
11033.6617
11015.1747
11013.7119
10982.5013
10977.2063
10976.24575
10965.446
10959.6947
10959.33
10942.13205
10928.849
10923.9332
10848.1343
10825.2537
10807.4863
10806.839
10797.3362
10796.35025
10795.93733
10791.96
10736.87075
10713.644
10704.47
10702.6424
10602.385
10601.63225
10601.412
10600.5483
10594.50155
10594.2257
10579.711
10577.087
10564.8845
10560.4917
10493.9458
10461.9794
10450.552
10436.096
10435.06525
10422.91665
10407.08585
10381.4787
10370.91255
10355.641
10338.9316
10325.206
10269.46
10264.4421
10231.4999
10226.2842
10214.636
10197.7722
10156.7832
10141.1362
10118.424
10115.00885
10107.2206
10106.13425
10096.97
10085.846
10072.05505
10065.413
10043.249